3.883405350359506905e+07 1.084988518091302723e+02 3.560757401304525871e+01 -2.134930626436724594e+02 -4.517349785961717323e+00 4.849663861482076044e+01 3.498415435535286555e+00 2.160315878630909570e+00 -1.405862416733037534e+01 2.218156760826858331e+01
1.084988579727642559e+02 9.044319185183618756e-04 8.001804985035407465e-05 -4.849118257248167889e-04 -2.772681587660643643e-05 2.678286699999415520e-04 1.108705097020544353e-05 7.487961917978381449e-06 1.676291336288584911e-05 -6.160738856489704973e-05
3.560757381325046111e+01 8.001804364060835788e-05 3.328018985361111713e-05 -1.993716668157010979e-04 -3.652366719492987195e-06 4.018261663788236666e-05 3.165021850651512374e-06 1.933616791065821692e-06 -1.460573757289868852e-05 2.437648352988210028e-05
-2.134930614986179478e+02 -4.849117886406006657e-04 -1.993716668641685942e-04 1.194420009875958198e-03 2.202812262759972821e-05 -2.420565207667561218e-04 -1.898799984399946383e-05 -1.160592185094956584e-05 8.718817466845693684e-05 -1.451884472102783644e-04
-4.517349941002799518e+00 -2.772681559279422048e-05 -3.652366884893692717e-06 2.202812361314730925e-05 9.054586716507205211e-07 -8.966279239325351068e-06 -4.400983901506924154e-07 -2.879369332391994718e-07 2.979750243997058224e-07 5.690187648083794050e-07
4.849663997141786353e+01 2.678286660932898571e-04 4.018261813126208667e-05 -2.420565296546355950e-04 -8.966279203523162353e-06 2.246515222730729078e-04 2.245399549501075963e-04 2.147976892212277212e-04 -5.259919548520197239e-06 1.072182306484183108e-08
3.498415448180266729e+00 1.108705045149544318e-05 3.165021880205115320e-06 -1.898800001644318478e-05 -4.400983776852305090e-07 2.245399548439542289e-04 5.317563531992426217e-04 3.388284387964810322e-04 -1.596094067875055995e-04 8.793383605210247803e-08
2.160315893667103637e+00 7.487961617657268053e-06 1.933616815949435961e-06 -1.160592199720893358e-05 -2.879369263772316179e-07 2.147976891646587139e-04 3.388284387971338303e-04 3.809154721502535810e-04 4.937033934650610556e-05 3.957372813995270766e-07
-1.405862362011591671e+01 1.676291712267957126e-05 -1.460573714346462249e-05 8.718817207455789651e-05 2.979749046281390027e-07 -5.259918374164005250e-06 -1.596094067337376014e-04 4.937033938234329028e-05 2.203013509379757589e-04 -2.136171856653318752e-05
2.218156632348320656e+01 -6.160739567488377562e-05 2.437648246595626686e-05 -1.451884408010853638e-04 5.690190028135611453e-07 1.071944385481270383e-08 8.793371334237586859e-08 3.957372014535551006e-07 -2.136171841405199009e-05 7.560599272118592729e-05
